BUS     35 500.0 ;
BUS     40 500.0 ;
BUS     41 500.0 ;
BUS     75 220.0 ;
BUS     76 220.0 ;
BUS     88 500.0 ;
BUS    139 220.0 ;
BUS    140 220.0 ;
BUS    141 500.0 ;
BUS    142 500.0 ;
BUS    143 220.0 ;
BUS    144 220.0 ;
BUS    145 220.0 ;
BUS    146 220.0 ;
BUS    147 220.0 ;
BUS    191 500.0 ;
BUS    192 220.0 ;
BUS    193 220.0 ;
BUS    194 220.0 ;
BUS    195 500.0 ;
BUS    196 220.0 ;
BUS    197 220.0 ;
BUS    198 220.0 ;
BUS    199 220.0 ;
BUS    200 220.0 ;
BUS    213 220.0 ;
BUS    271 220.0 ;
BUS    272 500.0 ;
BUS    273 220.0 ;
BUS    274 220.0 ;
BUS    275 500.0 ;
BUS    276 220.0 ;
BUS    277 220.0 ;
BUS    278 220.0 ;
BUS    279  22.0 ;
BUS    280  22.0 ;
BUS    302 220.0 ;
BUS    303 220.0 ;
BUS    304  33.0 ;
BUS    364 220.0 ;
BUS    493 500.0 ;
BUS    494 220.0 ;
BUS    496 220.0 ;
BUS    543 220.0 ;
BUS    553 220.0 ;
BUS    610  66.0 ;
BUS    617 220.0 ;
BUS    618 500.0 ;
BUS    619 500.0 ;
BUS    620 500.0 ;
BUS    621 500.0 ;
BUS    679 220.0 ;
BUS    681 330.0 ;
BUS   681G  66.0 ;
BUS    682 330.0 ;
BUS    683 220.0 ;
BUS    735 220.0 ;
BUS    736 220.0 ;
BUS    737 220.0 ;
BUS    738 220.0 ;
BUS    739 220.0 ;
BUS    740 220.0 ;
BUS    742 220.0 ;
BUS    774 500.0 ;
BUS    775 220.0 ;
BUS    776 220.0 ;
BUS    800 220.0 ;
BUS    806 220.0 ;
BUS    808 220.0 ;
BUS    861 220.0 ;
BUS    862 500.0 ;
BUS    863 220.0 ;
BUS    864 220.0 ;
BUS    865  33.0 ;
BUS    866 220.0 ;
BUS    867 132.0 ;
BUS    868 220.0 ;
BUS    869 220.0 ;
BUS   870W  66.0 ;
BUS    872 500.0 ;
BUS    873 220.0 ;
BUS    875 220.0 ;
BUS   142a 220.0 ;
BUS   143W  22.0 ;
BUS   147G  22.0 ;
BUS   191a 220.0 ;
BUS   195a 220.0 ;
BUS   195b 330.0 ;
BUS   199G  22.0 ;
BUS  213PV  33.0 ;
BUS   276G  22.0 ;
BUS   302W  22.0 ;
BUS   303W  22.0 ;
BUS   304W  33.0 ;
BUS    35G 220.0 ;
BUS   364W  22.0 ;
BUS    41W  22.0 ;
BUS   493a 220.0 ;
BUS  553PV  22.0 ;
BUS   610W  33.0 ;
BUS   617W  66.0 ;
BUS   620G  22.0 ;
BUS   620W  22.0 ;
BUS   621W  16.0 ;
BUS   682a 220.0 ;
BUS   682G  22.0 ;
BUS  683PV  22.0 ;
BUS   736G  22.0 ;
BUS   738G  16.0 ;
BUS   739G  22.0 ;
BUS   742G  22.0 ;
BUS   774G 220.0 ;
BUS   775G  22.0 ;
BUS  806PV  22.0 ;
BUS  808PV  22.0 ;
BUS   862a 220.0 ;
BUS   864W  33.0 ;
BUS   865W  22.0 ;
BUS   866W  33.0 ;
BUS   867W  33.0 ;
BUS   868W  33.0 ;
BUS   869W  22.0 ;
BUS  873PV  22.0 ;
BUS 806NSW 220.0 ;
BUS  806SA 220.0 ;

INJEC LOAD   L_35   35 0 0  -11.419490  -2.318827 0 1 1.5 0 0 0 0 1 2.25 0 0 0 ;
INJEC LOAD   L_40   40 0 0   -5.788279  -1.175360 0 1 1.5 0 0 0 0 1 2.25 0 0 0 ;
INJEC LOAD   L_41   41 0 0  -10.442680  -2.120476 0 1 1.5 0 0 0 0 1 2.25 0 0 0 ;
INJEC LOAD   L_75   75 0 0  -20.704180  -4.204163 0 1 1.5 0 0 0 0 1 2.25 0 0 0 ;
INJEC LOAD   L_76   76 0 0  -13.561490  -2.753779 0 1 1.5 0 0 0 0 1 2.25 0 0 0 ;
INJEC LOAD   L_88   88 0 0  -50.697950 -10.294660 0 1 1.5 0 0 0 0 1 2.25 0 0 0 ;
INJEC LOAD  L_139  139 0 0  -52.254670 -10.610760 0 1 1.5 0 0 0 0 1 2.25 0 0 0 ;
INJEC LOAD  L_140  140 0 0 -243.940300 -50.612510 0 1 1.5 0 0 0 0 1 2.25 0 0 0 ;
INJEC LOAD  L_141  141 0 0 -290.852800 -59.060180 0 1 1.5 0 0 0 0 1 2.25 0 0 0 ;
INJEC LOAD  L_143  143 0 0   -7.367885  -1.636673 0 1 1.5 0 0 0 0 1 2.25 0 0 0 ;
INJEC LOAD  L_144  144 0 0 -158.372800 -32.158980 0 1 1.5 0 0 0 0 1 2.25 0 0 0 ;
INJEC LOAD  L_145  145 0 0  -53.075450 -10.777430 0 1 1.5 0 0 0 0 1 2.25 0 0 0 ;
INJEC LOAD  L_146  146 0 0  -78.446100 -15.929160 0 1 1.5 0 0 0 0 1 2.25 0 0 0 ;
INJEC LOAD  L_147  147 0 0  -33.622590  -6.827357 0 1 1.5 0 0 0 0 1 2.25 0 0 0 ;
INJEC LOAD  L_192  192 0 0 -187.081900 -41.557630 0 1 1.5 0 0 0 0 1 2.25 0 0 0 ;
INJEC LOAD  L_193  193 0 0 -371.934600 -74.764170 0 1 1.5 0 0 0 0 1 2.25 0 0 0 ;
INJEC LOAD  L_194  194 0 0 -318.385800 -58.985350 0 1 1.5 0 0 0 0 1 2.25 0 0 0 ;
INJEC LOAD  L_196  196 0 0 -143.455200 -31.866590 0 1 1.5 0 0 0 0 1 2.25 0 0 0 ;
INJEC LOAD  L_197  197 0 0 -251.500900 -50.555270 0 1 1.5 0 0 0 0 1 2.25 0 0 0 ;
INJEC LOAD  L_198  198 0 0  -14.354690  -2.659404 0 1 1.5 0 0 0 0 1 2.25 0 0 0 ;
INJEC LOAD  L_199  199 0 0   -9.753168  -1.980465 0 1 1.5 0 0 0 0 1 2.25 0 0 0 ;
INJEC LOAD  L_200  200 0 0 -174.346100 -38.728570 0 1 1.5 0 0 0 0 1 2.25 0 0 0 ;
INJEC LOAD  L_213  213 0 0  -85.876450 -17.437960 0 1 1.5 0 0 0 0 1 2.25 0 0 0 ;
INJEC LOAD  L_271  271 0 0   -0.035622  -0.007233 0 1 1.5 0 0 0 0 1 2.25 0 0 0 ;
INJEC LOAD  L_272  272 0 0   -5.298292  -1.075864 0 1 1.5 0 0 0 0 1 2.25 0 0 0 ;
INJEC LOAD  L_273  273 0 0  -11.329740  -2.098989 0 1 1.5 0 0 0 0 1 2.25 0 0 0 ;
INJEC LOAD  L_274  274 0 0  -21.377720  -4.340930 0 1 1.5 0 0 0 0 1 2.25 0 0 0 ;
INJEC LOAD  L_275  275 0 0   -1.849521  -0.375561 0 1 1.5 0 0 0 0 1 2.25 0 0 0 ;
INJEC LOAD  L_276  276 0 0  -52.784280 -10.718300 0 1 1.5 0 0 0 0 1 2.25 0 0 0 ;
INJEC LOAD  L_277  277 0 0   -0.098268  -0.019954 0 1 1.5 0 0 0 0 1 2.25 0 0 0 ;
INJEC LOAD  L_278  278 0 0   -5.355448  -0.992170 0 1 1.5 0 0 0 0 1 2.25 0 0 0 ;
INJEC LOAD  L_279  279 0 0   -0.109434  -0.022222 0 1 1.5 0 0 0 0 1 2.25 0 0 0 ;
INJEC LOAD  L_280  280 0 0   -0.017253  -0.003503 0 1 1.5 0 0 0 0 1 2.25 0 0 0 ;
INJEC LOAD  L_302  302 0 0  -96.607150 -22.392130 0 1 1.5 0 0 0 0 1 2.25 0 0 0 ;
INJEC LOAD  L_303  303 0 0  -36.975540  -7.546926 0 1 1.5 0 0 0 0 1 2.25 0 0 0 ;
INJEC LOAD  L_304  304 0 0  -16.848140  -3.742579 0 1 1.5 0 0 0 0 1 2.25 0 0 0 ;
INJEC LOAD  L_364  364 0 0  -38.732150  -7.864899 0 1 1.5 0 0 0 0 1 2.25 0 0 0 ;
INJEC LOAD  L_494  494 0 0 -183.555400 -34.723660 0 1 1.5 0 0 0 0 1 2.25 0 0 0 ;
INJEC LOAD  L_496  496 0 0  -57.794460 -12.139320 0 1 1.5 0 0 0 0 1 2.25 0 0 0 ;
INJEC LOAD  L_543  543 0 0 -258.374100 -57.394210 0 1 1.5 0 0 0 0 1 2.25 0 0 0 ;
INJEC LOAD  L_553  553 0 0  -24.119650  -4.897703 0 1 1.5 0 0 0 0 1 2.25 0 0 0 ;
INJEC LOAD  L_610  610 0 0   -6.556822  -1.331419 0 1 1.5 0 0 0 0 1 2.25 0 0 0 ;
INJEC LOAD  L_617  617 0 0  -18.073810  -4.060016 0 1 1.5 0 0 0 0 1 2.25 0 0 0 ;
INJEC LOAD  L_618  618 0 0  -12.424260  -2.522853 0 1 1.5 0 0 0 0 1 2.25 0 0 0 ;
INJEC LOAD  L_619  619 0 0   -3.394266  -0.689235 0 1 1.5 0 0 0 0 1 2.25 0 0 0 ;
INJEC LOAD  L_620  620 0 0  -25.617630  -5.201881 0 1 1.5 0 0 0 0 1 2.25 0 0 0 ;
INJEC LOAD  L_621  621 0 0  -15.793780  -3.207063 0 1 1.5 0 0 0 0 1 2.25 0 0 0 ;
INJEC LOAD  L_679  679 0 0 -117.148000 -23.787910 0 1 1.5 0 0 0 0 1 2.25 0 0 0 ;
INJEC LOAD  L_681  681 0 0  -31.385430  -6.373085 0 1 1.5 0 0 0 0 1 2.25 0 0 0 ;
INJEC LOAD  L_683  683 0 0  -36.604610  -7.432884 0 1 1.5 0 0 0 0 1 2.25 0 0 0 ;
INJEC LOAD  L_735  735 0 0   -3.064026  -0.622177 0 1 1.5 0 0 0 0 1 2.25 0 0 0 ;
INJEC LOAD  L_736  736 0 0   -0.055322  -0.010249 0 1 1.5 0 0 0 0 1 2.25 0 0 0 ;
INJEC LOAD  L_737  737 0 0   -0.321284  -0.059522 0 1 1.5 0 0 0 0 1 2.25 0 0 0 ;
INJEC LOAD  L_738  738 0 0   -0.241728  -0.044783 0 1 1.5 0 0 0 0 1 2.25 0 0 0 ;
INJEC LOAD  L_739  739 0 0   -4.109951  -0.761425 0 1 1.5 0 0 0 0 1 2.25 0 0 0 ;
INJEC LOAD  L_740  740 0 0  -33.078960  -6.128331 0 1 1.5 0 0 0 0 1 2.25 0 0 0 ;
INJEC LOAD  L_742  742 0 0 -196.394200 -39.879540 0 1 1.5 0 0 0 0 1 2.25 0 0 0 ;
INJEC LOAD  L_774  774 0 0   -0.088735  -0.016439 0 1 1.5 0 0 0 0 1 2.25 0 0 0 ;
INJEC LOAD  L_775  775 0 0  -10.355230  -2.102719 0 1 1.5 0 0 0 0 1 2.25 0 0 0 ;
INJEC LOAD  L_776  776 0 0   -0.061417  -0.012471 0 1 1.5 0 0 0 0 1 2.25 0 0 0 ;
INJEC LOAD  L_800  800 0 0 -305.913700 -67.954480 0 1 1.5 0 0 0 0 1 2.25 0 0 0 ;
INJEC LOAD  L_806  806 0 0  -42.003970  -7.781813 0 1 1.5 0 0 0 0 1 2.25 0 0 0 ;
INJEC LOAD  L_808  808 0 0  -11.984210  -2.220240 0 1 1.5 0 0 0 0 1 2.25 0 0 0 ;
INJEC LOAD  L_861  861 0 0  -91.135670 -18.505890 0 1 1.5 0 0 0 0 1 2.25 0 0 0 ;
INJEC LOAD  L_863  863 0 0 -127.954800 -25.982320 0 1 1.5 0 0 0 0 1 2.25 0 0 0 ;
INJEC LOAD  L_864  864 0 0  -34.532650  -6.397648 0 1 1.5 0 0 0 0 1 2.25 0 0 0 ;
INJEC LOAD  L_869  869 0 0   -4.735813  -0.000000 0 1 1.5 0 0 0 0 1 2.25 0 0 0 ;
INJEC LOAD L_142a 142a 0 0 -215.716900 -43.803190 0 1 1.5 0 0 0 0 1 2.25 0 0 0 ;
INJEC LOAD L_191a 191a 0 0  -83.698230 -18.592400 0 1 1.5 0 0 0 0 1 2.25 0 0 0 ;
INJEC LOAD L_195a 195a 0 0 -207.458900 -42.126330 0 1 1.5 0 0 0 0 1 2.25 0 0 0 ;
INJEC LOAD L_493a 493a 0 0 -422.877700 -85.868980 0 1 1.5 0 0 0 0 1 2.25 0 0 0 ;
INJEC LOAD L_682a 682a 0 0  -11.589020  -2.353251 0 1 1.5 0 0 0 0 1 2.25 0 0 0 ;
INJEC LOAD L_862a 862a 0 0  -42.123480  -8.553538 0 1 1.5 0 0 0 0 1 2.25 0 0 0 ;

INJEC LOAD  svc_271  271 0 0 0 -266.1108 0 1 2 0 0 0 0 1 2 0 0 0 ;
INJEC LOAD  svc_364  364 0 0 0  4.012913 0 1 2 0 0 0 0 1 2 0 0 0 ;
INJEC LOAD  svc_553  553 0 0 0  15.12463 0 1 2 0 0 0 0 1 2 0 0 0 ;
INJEC LOAD  svc_875  875 0 0 0 -176.0217 0 1 2 0 0 0 0 1 2 0 0 0 ;
INJEC LOAD  svc_806  806 0 0 0 -99.77200 0 1 2 0 0 0 0 1 2 0 0 0 ;
INJEC LOAD  svc_872  872 0 0 0 -326.3643 0 1 2 0 0 0 0 1 2 0 0 0 ;
INJEC LOAD svc_191a 191a 0 0 0  1073.803 0 1 2 0 0 0 0 1 2 0 0 0 ;
INJEC LOAD  svc_195  195 0 0 0  460.0679 0 1 2 0 0 0 0 1 2 0 0 0 ;
INJEC LOAD  svc_682  682 0 0 0 -232.0778 0 1 2 0 0 0 0 1 2 0 0 0 ;

TRANSFO T_HTWSA1 272 274 0 8 0 0 100.0000 0 2400 1 ;
TRANSFO T_MLTSA2 862 862a 0 3 0 0 100.0000 0 2000 1 ;
TRANSFO TG_869W 869W 869 0 5 0 0 100.0000 0 300 1 ;
TRANSFO TG_683PV 683PV 683 0 4 0 0 100.0000 0 220 1 ;
TRANSFO TG_553PV 553PV 553 0 2 0 0 100.0000 0 100 1 ;
TRANSFO TG_864W 864W 864 0 5 0 0 100.0000 0 150 1 ;
TRANSFO TG_873PV 873PV 873 0 8 0 0 100.0000 0 200 1 ;
TRANSFO TG_806PV 806PV 806 0 4 0 0 100.0000 0 300 1 ;
TRANSFO TG_303W 303W 303 0 12 0 0 100.0000 0 600 1 ;
TRANSFO TG_808PV 808PV 808 0 11 0 0 100.0000 0 200 1 ;
TRFO T_867 867 872 867 0 3 0 100.0000 800 80 120 19 0.02 1 1 ;
TRFO T_CBTSA1 493 493a 493a 0 11 0 102.2222 1200 80 120 19 0.02 1 1 ;
TRFO T_DDTSG3 682 682a 682a 0 3 0 100.0000 920 80 120 19 0.02 1 1 ;
TRFO T_ELTS 143 304 143 0 7 0 100.0000 200 80 120 19 0.02 1 1 ;
TRFO T_KTSA1 142 142a 142a 0 8 0 100.0000 2250 80 120 23 0.02 1 1 ;
TRFO T_LYPS 275 775 275 0 8 0 100.0000 2500 80 120 19 0.02 1 1 ;
TRFO T_ROTSA1 191 191a 191a 0 11 0 100.0000 2000 80 120 19 0.02 1 1 ;
TRFO T_SMTSF2 195 195b 195b 0 5 0 100.0000 1200 80 120 19 0.02 1 1 ;
TRFO T_SMTSH1 195b 195a 195a 0 5 0 100.0000 2100 80 120 19 0.02 1 1 ;
TRFO T_YSW 865 143 865 0 4 0 100.0000 800 80 120 19 0.02 1 1 ;
TRFO TG_143W 143W 143 143W 0 10 0 100.0000 100 80 120 19 0.02 1 1 ;
TRFO TG_147G 147G 147 147G 0 12 0 100.0000 1000 80 120 19 0.02 1 1 ;
TRFO TG_199G 199G 199 199G 0 7 0 100.0000 120 80 120 19 0.02 1 1 ;
TRFO TG_213PV 213PV 213 213PV 0 10 0 100.0000 120 80 120 19 0.02 1 1 ;
TRFO TG_276G 276G 276 276G 0 10 0 100.0000 800 80 120 19 0.02 1 1 ;
TRFO TG_279 279 271 279 0 8 0 100.0000 800 80 120 19 0.02 1 1 ;
TRFO TG_280 280 271 280 0 6 0 100.0000 800 80 120 19 0.02 1 1 ;
TRFO TG_302W 302W 302 302W 0 3 0 100.0000 300 80 120 19 0.02 1 1 ;
TRFO TG_304W 304W 304 304W 0 8 0 100.0000 150 80 120 19 0.02 1 1 ;
TRFO TG_35G 35G 35 35G 0 7 0 100.0000 2500 80 120 19 0.02 1 1 ;
TRFO TG_364W 364W 364 364W 0 12 0 100.0000 330 80 120 19 0.02 1 1 ;
TRFO TG_41W 41W 41 41W 0 3 0 102.2222 200 80 120 19 0.02 1 1 ;
TRFO TG_610 610 271 610 0 9 0 100.0000 700 80 120 19 0.02 1 1 ;
TRFO TG_610W 610W 610 610W 0 9 0 100.0000 120 80 120 19 0.02 1 1 ;
TRFO TG_617W 617W 617 617W 0 11 0 100.0000 700 80 120 19 0.02 1 1 ;
TRFO TG_620G 620G 620 620G 0 9 0 100.0000 600 80 120 19 0.02 1 1 ;
TRFO TG_620W 620W 620 620W 0 5 0 100.0000 400 80 120 19 0.02 1 1 ;
TRFO TG_621W 621W 621 621W 0 10 0 100.0000 430 80 120 19 0.02 1 1 ;
TRFO TG_682G 682G 682 682G 0 3 0 100.0000 2000 80 120 19 0.02 1 1 ;
TRFO TG_736G 736G 736 736G 0 11 0 100.0000 300 80 120 19 0.02 1 1 ;
TRFO TG_738G 738G 736 738G 0 6 0 100.0000 100 80 120 19 0.02 1 1 ;
TRFO TG_739G 739G 739 739G 0 4 0 100.0000 185 80 120 19 0.02 1 1 ;
TRFO TG_742G 742G 742 742G 0 5 0 100.0000 350 80 120 19 0.02 1 1 ;
TRFO TG_774G 774G 774 774G 0 6 0 100.0000 1500 80 120 19 0.02 1 1 ;
TRFO TG_775G 775G 775 775G 0 9 0 100.0000 300 80 120 19 0.02 1 1 ;
TRFO TG_865W 865W 865 865W 0 9 0 100.0000 330 80 120 19 0.02 1 1 ;
TRFO TG_866W 866W 866 866W 0 12 0 100.0000 160 80 120 19 0.02 1 1 ;
TRFO TG_867W 867W 867 867W 0 4 0 100.0000 600 80 120 19 0.02 1 1 ;
TRFO TG_868W 868W 868 868W 0 2 0 100.0000 200 80 120 19 0.02 1 1 ;
TRFO TG_870W 870W 195 870W 0 4 0 100.0000 800 80 120 19 0.02 1 1 ;
TRFO TG_681G 681G 681 681G 0 3 0 100.0000 300 80 120 19 0.02 1 1 ;
LINE 1 679 553 20.472029 45.627209 357.378498 318.303986 1 ;
LINE 2 75 213 15.626731 34.828210 272.794539 512.047974 1 ;
LINE 3 302 875 2.810166 6.263181 49.056826 414.881989 1 ;
LINE 4 682a 213 25.480589 56.790080 444.812517 333.022003 1 ;
LINE 5 141 195 7.272762 18.198557 113.081702 2598.000000 1 ;
LINE 6 141 195 7.270247 18.192267 113.042628 2651.000000 1 ;
LINE 7 141 142 2.017448 5.048237 31.368606 1949.000000 1 ;
LINE 8 142 195 4.915407 12.299772 76.427989 2598.000000 1 ;
LINE 9 142a 194 2.760163 6.151737 48.183936 613.000000 1 ;
LINE 10 142a 194 2.785418 6.208025 48.624814 925.000000 1 ;
LINE 11 861 142a 11.248288 25.069718 196.360421 300.000000 1 ;
LINE 12 861 142a 11.281331 25.143364 196.937262 602.000000 1 ;
LINE 13 272 191 23.004260 57.563325 357.685442 3276.000000 1 ;
LINE 14 493 191 3.566047 8.923283 55.447248 2771.000000 1 ;
LINE 15 493 272 19.451522 48.673347 302.445133 3276.000000 1 ;
LINE 16 191a 194 7.949885 17.718375 138.780486 591.000000 1 ;
LINE 17 192 194 2.665258 5.940217 46.527190 733.268005 1 ;
LINE 18 193 194 4.292685 9.572752 74.979291 734.447998 1 ;
LINE 19 272 195 25.895785 64.798758 402.644773 2858.000000 1 ;
LINE 20 194 198 16.657462 37.125462 290.787932 599.606018 1 ;
LINE 21 862 141 10.585190 26.487213 164.585526 2522.000000 1 ;
LINE 22 862 141 10.578968 26.471642 164.488774 2522.000000 1 ;
LINE 23 863 864 6.236185 13.898951 108.864564 400.000000 1 ;
LINE 24 617 862a 22.584072 50.334444 394.248267 395.515991 1 ;
LINE 25 868 302 19.394516 43.225695 338.568463 457.000000 1 ;
LINE 26 195b 682 37.892301 89.404032 624.849475 955.726990 1 ;
LINE 27 195b 682 37.919112 89.467290 625.291594 957.560974 1 ;
LINE 28 273 276 0.197975 0.484000 3.456027 800.000000 1 ;
LINE 29 273 276 0.184269 0.484000 3.216775 800.000000 1 ;
LINE 30 274 277 0.571197 1.273059 9.971335 314.000000 1 ;
LINE 33 272 195 25.872195 64.739725 402.277966 2858.000000 1 ;
LINE 34 272 275 2.374627 5.942007 36.922280 3554.465088 1 ;
LINE 35 272 275 2.423215 6.063587 37.677752 3571.980957 1 ;
LINE 36 272 275 2.464585 6.167105 38.320988 3573.998047 1 ;
LINE 37 275 88 0.555275 2.500000 8.633781 2000.000000 1 ;
LINE 38 275 774 0.233500 2.500000 3.631168 2000.000000 1 ;
LINE 40 682 681 6.913718 16.312399 114.008210 1018.491028 1 ;
LINE 41 143 862a 7.275930 16.216292 127.015308 750.000000 1 ;
LINE 42 735 682a 6.254326 13.939382 109.181246 310.428009 1 ;
LINE 43 735 737 1.629576 3.631931 28.447372 359.315002 1 ;
LINE 44 735 738 0.481030 1.072099 8.397295 97.000000 1 ;
LINE 45 303 869 11.837868 26.383749 206.652670 750.000000 1 ;
LINE 46 735 682a 6.252580 13.935491 109.150764 311.084991 1 ;
LINE 47 735 739 7.067836 15.752499 123.382616 230.000000 1 ;
LINE 48 553 808 28.716036 64.001110 501.293444 292.828003 1 ;
LINE 49 364 873 34.954692 77.905568 610.201139 369.000000 1 ;
LINE 50 863 861 5.233992 11.665305 91.369364 600.000000 1 ;
LINE 51 861 862a 1.247427 2.780214 21.776229 1670.526316 1 ;
LINE 52 302 862a 10.729407 23.913258 187.302370 412.000000 1 ;
LINE 53 618 872 32.129935 80.398408 499.577458 3248.000000 1 ;
LINE 54 619 862 10.250269 25.649142 159.377948 2598.000000 1 ;
LINE 55 40 41 5.382588 13.468792 83.692024 1386.000000 1 ;
LINE 56 40 41 5.384955 13.474718 83.728834 1386.000000 1 ;
LINE 57 144 142a 2.039273 4.545046 35.599411 1692.631579 1 ;
LINE 58 142a 145 2.469712 5.504391 43.113552 827.000000 1 ;
LINE 59 142a 146 2.528882 5.636268 44.146488 881.789978 1 ;
LINE 60 145 146 1.220017 2.719124 21.297738 827.000000 1 ;
LINE 61 146 147 0.838010 1.867723 14.629079 847.388977 1 ;
LINE 62 147 139 0.742756 1.655423 12.966225 878.932007 1 ;
LINE 63 146 139 1.387438 3.092263 24.220382 846.312988 1 ;
LINE 64 139 144 0.481323 1.072753 8.402413 800.000000 1 ;
LINE 65 145 742 0.052015 0.484000 0.908029 1600.000000 1 ;
LINE 66 194 140 1.712874 3.817582 29.901498 659.106995 1 ;
LINE 67 194 140 1.700504 3.790012 29.685552 847.112000 1 ;
LINE 68 494 493a 3.697978 8.241901 64.555302 1062.000000 1 ;
LINE 69 494 496 0.309557 0.689928 5.403915 366.000000 1 ;
LINE 70 493a 196 3.320383 7.400332 57.963649 1587.368421 1 ;
LINE 71 196 191a 0.328605 0.732380 5.736419 1630.526316 1 ;
LINE 72 197 200 1.356614 3.023564 23.682293 818.736842 1 ;
LINE 73 191a 200 1.267360 2.824640 22.124202 751.000000 1 ;
LINE 74 191a 200 1.261886 2.812440 22.028647 751.000000 1 ;
LINE 75 191a 543 2.478726 5.524482 43.270919 410.880005 1 ;
LINE 76 191a 543 2.479075 5.525260 43.277006 410.513000 1 ;
LINE 77 191a 800 4.251532 9.475637 74.218628 1283.157895 1 ;
LINE 78 140 800 1.387982 3.093476 24.229884 450.000000 1 ;
LINE 79 736 737 0.039785 0.484000 0.694455 800.000000 1 ;
LINE 80 737 740 1.012278 2.256123 17.671252 800.000000 1 ;
LINE 81 198 735 23.156701 51.610695 404.244599 307.072998 1 ;
LINE 82 198 735 23.153800 51.604229 404.193952 306.240997 1 ;
LINE 83 683 682a 13.640344 30.401034 238.118353 958.736842 1 ;
LINE 84 683 213 11.849252 26.409122 206.851409 968.736842 1 ;
LINE 85 679 75 4.015849 8.950357 70.104333 512.047974 1 ;
LINE 86 75 76 0.014859 2.500000 0.259657 800.000000 1 ;
LINE 87 869 302 18.940588 42.213998 330.644273 476.000000 1 ;
LINE 88 275 774 0.222000 2.500000 3.449908 2000.000000 1 ;
LINE 89 276 273 0.126686 0.484000 2.211548 800.000000 1 ;
LINE 90 273 276 0.167552 0.484000 2.924934 800.000000 1 ;
LINE 91 274 273 2.444313 5.447784 42.670176 887.368421 1 ;
LINE 92 277 776 0.107757 0.484000 1.881105 800.000000 1 ;
LINE 93 278 277 0.025216 0.484000 0.439872 800.000000 1 ;
LINE 98 191 195 6.531565 16.343865 101.557066 3276.000000 1 ;
LINE 99 271 274 0.569735 1.269802 9.945820 903.157895 1 ;
LINE 100 271 274 0.660075 1.471148 11.522872 831.653992 1 ;
LINE 101 271 274 0.646929 1.441849 11.293390 831.835999 1 ;
LINE 104 275 35 0.087000 2.500000 1.351695 2000.000000 1 ;
LINE 105 275 35 0.068500 2.500000 1.064985 2000.000000 1 ;
LINE 106 275 35 0.056750 2.500000 0.883690 2000.000000 1 ;
LINE 107 275 35 0.066500 2.500000 1.033278 2000.000000 1 ;
LINE 108 274 191a 19.099480 42.568130 333.418033 706.315789 1 ;
LINE 109 273 191a 17.786639 39.642124 310.499876 354.765991 1 ;
LINE 110 273 191a 17.769953 39.604935 310.208591 355.493988 1 ;
LINE 111 273 191a 17.789098 39.647605 310.542806 710.526316 1 ;
LINE 112 191a 192 3.825487 8.526087 66.781213 839.723022 1 ;
LINE 113 191a 193 2.209260 4.923908 38.566874 851.697021 1 ;
LINE 114 194 195a 1.412919 3.149056 24.665217 1257.894737 1 ;
LINE 115 620 619 0.238750 2.500000 0.156275 800.000000 1 ;
LINE 116 199 198 0.043463 0.484000 0.758942 1600.000000 1 ;
LINE 117 808 806 10.388885 23.154317 181.357903 290.752991 1 ;
LINE 118 618 621 2.375900 5.945187 36.942052 2000.000000 1 ;
LINE 119 40 618 8.326670 20.835738 129.468546 2771.000000 1 ;
LINE 120 40 619 15.854845 39.673415 246.521598 2683.000000 1 ;
LINE 121 302 143 3.447213 7.683005 60.177711 750.000000 1 ;
LINE 124 866 617 0.046222 0.484000 0.807207 800.000000 1 ;
LINE 126 868 617 0.046222 0.484000 0.807207 457.000000 1 ;
LINE 127 862 872 14.350376 35.908798 223.129127 2683.000000 1 ;
LINE 128 364 869 11.837868 26.383749 206.652670 586.479980 1 ;
LINE 130 806 873 11.651564 25.968523 203.400380 444.000000 1 ;
LINE 131 875 679 13.348286 29.750108 233.019926 414.881989 1 ;
LINE 132 862a 875 2.455598 6.144619 1018.684288 2700.000000 1 ;
LINE 133 862a 875 2.455598 6.144619 1018.684288 2700.000000 1 ;
LINE 134 303 875 7.102721 15.830249 123.991602 750.000000 1 ;
LINE 135 869 875 18.348695 40.894811 320.311639 750.000000 1 ;
LINE 136 302 143 3.447213 7.683005 60.177711 750.000000 1 ;
LINE 137 143 862a 7.275930 16.216292 127.015308 750.000000 1 ;
LINE 138 806 806NSW 0.000000 1.000000 0.000000 450.000000 1 ;
LINE 139 806 806SA 0.000000 1.000000 0.000000 450.000000 1 ;
LFRESV 35 1.008597 0.2473578 ;
LFRESV 40 1.036611 8.0510393E-02 ;
LFRESV 41 1.036948 8.3122626E-02 ;
LFRESV 75 0.9812123 2.9257566E-02 ;
LFRESV 76 0.9810635 2.8530758E-02 ;
LFRESV 88 1.007308 0.2418696 ;
LFRESV 139 0.9876075 -4.3955948E-02 ;
LFRESV 140 0.9738867 -5.8129229E-02 ;
LFRESV 141 0.9969544 7.2619445E-03 ;
LFRESV 142 0.9930177 -6.0322200E-04 ;
LFRESV 143 1.003127 3.9024118E-02 ;
LFRESV 144 0.9865677 -4.3647882E-02 ;
LFRESV 145 0.9872545 -4.7331564E-02 ;
LFRESV 146 0.9882551 -4.3588389E-02 ;
LFRESV 147 0.9899709 -4.2930909E-02 ;
LFRESV 191 0.9852087 2.3890780E-02 ;
LFRESV 192 0.9804513 -4.9459111E-02 ;
LFRESV 193 0.9769776 -5.4962631E-02 ;
LFRESV 194 0.9827104 -4.5609031E-02 ;
LFRESV 195 0.9997030 1.8206231E-02 ;
LFRESV 196 0.9968190 -2.6315846E-02 ;
LFRESV 197 0.9803625 -5.0329518E-02 ;
LFRESV 198 1.005500 -4.5087382E-02 ;
LFRESV 199 1.005380 -4.5173500E-02 ;
LFRESV 200 0.9908121 -3.5581350E-02 ;
LFRESV 213 0.9958687 -3.0691614E-03 ;
LFRESV 271 1.000242 0.2051430 ;
LFRESV 272 1.005766 0.2131488 ;
LFRESV 273 1.011469 0.1952354 ;
LFRESV 274 1.002744 0.2039029 ;
LFRESV 275 1.009399 0.2419329 ;
LFRESV 276 1.011721 0.1970626 ;
LFRESV 277 1.002671 0.2037624 ;
LFRESV 278 1.002659 0.2037096 ;
LFRESV 279 1.000240 0.2051320 ;
LFRESV 280 1.000242 0.2051417 ;
LFRESV 302 1.001437 4.1145876E-02 ;
LFRESV 303 1.002350 6.3775323E-02 ;
LFRESV 304 1.001064 4.1449513E-02 ;
LFRESV 364 0.9999900 0.1885685 ;
LFRESV 493 0.9765875 3.4180500E-02 ;
LFRESV 494 0.9599665 -6.7757331E-02 ;
LFRESV 496 0.9594042 -6.8569221E-02 ;
LFRESV 543 0.9892849 -3.7716065E-02 ;
LFRESV 553 0.9999788 0.2501366 ;
LFRESV 610 1.000000 0.2065171 ;
LFRESV 617 1.004852 0.1176270 ;
LFRESV 618 1.035650 8.7348230E-02 ;
LFRESV 619 1.014899 6.1105352E-02 ;
LFRESV 620 1.013061 6.2799394E-02 ;
LFRESV 621 1.034126 9.3444362E-02 ;
LFRESV 679 0.9788972 4.5085810E-02 ;
LFRESV 681 1.003986 0. ;
LFRESV 681G 1.003986 0. ;
LFRESV 682 1.000221 -6.3785366E-03 ;
LFRESV 683 1.005509 2.3777394E-02 ;
LFRESV 735 1.006139 -2.2602111E-02 ;
LFRESV 736 1.003486 -2.4455553E-02 ;
LFRESV 737 1.003639 -2.4468435E-02 ;
LFRESV 738 1.006145 -2.2610996E-02 ;
LFRESV 739 1.007252 -2.4685321E-02 ;
LFRESV 740 1.002703 -2.5891174E-02 ;
LFRESV 742 0.9875489 -4.8996769E-02 ;
LFRESV 774 1.008695 0.2477382 ;
LFRESV 775 1.009332 0.2416076 ;
LFRESV 776 1.002672 0.2037616 ;
LFRESV 800 0.9699269 -6.3675635E-02 ;
LFRESV 806 1.000139 0.5686448 ;
LFRESV 808 1.010078 0.5225580 ;
LFRESV 861 0.9984770 1.2842499E-02 ;
LFRESV 862 1.005254 2.9001391E-02 ;
LFRESV 863 0.9892653 7.9186158E-03 ;
LFRESV 864 1.000183 3.7054192E-02 ;
LFRESV 865 1.002636 4.0596325E-02 ;
LFRESV 866 1.004820 0.1180259 ;
LFRESV 867 1.000189 5.5908781E-02 ;
LFRESV 868 1.004747 0.1170583 ;
LFRESV 869 1.004456 9.3822785E-02 ;
LFRESV 870W 1.000000 1.8326836E-02 ;
LFRESV 872 1.000296 5.5156332E-02 ;
LFRESV 873 1.011419 0.5244518 ;
LFRESV 875 1.000246 3.9435983E-02 ;
LFRESV 142a 0.9919046 -2.8445492E-02 ;
LFRESV 143W 1.000000 4.3790486E-02 ;
LFRESV 147G 1.000000 -2.9125664E-02 ;
LFRESV 191a 0.9991395 -2.4177130E-02 ;
LFRESV 195a 0.9979100 -2.1215703E-02 ;
LFRESV 195b 1.000433 -6.8526790E-03 ;
LFRESV 199G 1.000000 -4.5150291E-02 ;
LFRESV 213PV 1.000000 6.1761453E-03 ;
LFRESV 276G 1.000000 0.2898595 ;
LFRESV 302W 1.000000 4.3373659E-02 ;
LFRESV 303W 1.000000 7.4649744E-02 ;
LFRESV 304W 1.000000 5.4133363E-02 ;
LFRESV 35G 1.000000 0.3087489 ;
LFRESV 364W 1.000000 0.1965424 ;
LFRESV 41W 1.004545 9.8553278E-02 ;
LFRESV 493a 0.9876879 -2.7905725E-02 ;
LFRESV 553PV 1.000000 0.2607732 ;
LFRESV 610W 1.000000 0.2106402 ;
LFRESV 617W 1.000000 0.1348215 ;
LFRESV 620G 1.000000 8.4418736E-02 ;
LFRESV 620W 1.000000 6.7069545E-02 ;
LFRESV 621W 1.000000 0.1451863 ;
LFRESV 682a 1.002725 -7.8233574E-03 ;
LFRESV 682G 1.000221 -6.3785366E-03 ;
LFRESV 683PV 1.000000 4.7046930E-02 ;
LFRESV 736G 1.000000 -2.4428148E-02 ;
LFRESV 738G 1.000000 -2.4445586E-02 ;
LFRESV 739G 1.007252 -2.4685321E-02 ;
LFRESV 742G 1.000000 -4.3355066E-02 ;
LFRESV 774G 1.000000 0.2937545 ;
LFRESV 775G 1.009332 0.2416076 ;
LFRESV 806PV 1.000000 0.5924081 ;
LFRESV 808PV 1.000000 0.5902161 ;
LFRESV 862a 1.004451 2.8398568E-02 ;
LFRESV 864W 1.000000 8.1338555E-02 ;
LFRESV 865W 1.000000 4.9198914E-02 ;
LFRESV 866W 1.000000 0.1475931 ;
LFRESV 867W 1.000000 5.7246864E-02 ;
LFRESV 868W 1.000000 0.1186341 ;
LFRESV 869W 1.000000 9.7558990E-02 ;
LFRESV 873PV 1.000000 0.5748941 ;
LFRESV 806NSW 1.000000 0.5686448 ;
LFRESV 806SA 1.000139 0.5686448 ;
