$TOLAC 0.01 ; 
$TOLREAC 0.01 ;
$NBITMA 50 ;
$MISBLOC 0 ;
$MISADJ 1 ;
$PLIM 1 ;
$DIVDET 0 ;
SLACK 681; 
FNOM 50. ;

INJEC PQ L0 682 0 0 0 0 0.01;



SYNC_MACH     SM147      147G         0         0  113.8863  84.36155     550.0       500         3         0      2.05        
	 XT      0.15       2.2       0.3       0.2       2.0       0.4       0.2         0         1         0         7      0.05       1.5      0.05
	 EXC exc_ENTSOE           2.000           2.000           1.500           0.250           0.030           0.150           0.015          -0.100           0.100           3.000          10.000         100.000           0.050           0.000           4.000
	 TOR TGOV1D        0.05        0.50        0.00        1.00        2.00        6.00        0.00;

SYNC_MACH     SM276      276G         0         0     750.0 -58.94809     825.0       750         3         0      2.05        
	 XT      0.15       2.2       0.3       0.2       2.0       0.4       0.2         0         1         0         7      0.05       1.5      0.05
	 EXC exc_ENTSOE           2.000           2.000           1.500           0.250           0.030           0.150           0.015          -0.100           0.100           3.000          10.000         100.000           0.050           0.000           4.000
	 TOR TGOV1D        0.05        0.50        0.00        1.00        2.00        6.00        0.00;

SYNC_MACH    SM35G1       35G         0         0     500.0 -59.79305     825.0       750         3         0      2.05        
	 XT      0.15       2.2       0.3       0.2       2.0       0.4       0.2         0         1         0         7      0.05       1.5      0.05
	 EXC exc_ENTSOE           2.000           2.000           1.500           0.250           0.030           0.150           0.015          -0.100           0.100           3.000          10.000         100.000           0.050           0.000           4.000
	 TOR TGOV1D        0.05        0.50        0.00        1.00        2.00        6.00        0.00;

 SYNC_MACH     SM35G2        35G          0          0     1710.0 -179.37915     2475.0       2250          3          0       2.05         
	 XT       0.15        2.2        0.3        0.2        2.0        0.4        0.2          0          1          0          7       0.05        1.5       0.05
	 EXC exc_ENTSOE           2.000           2.000           1.500           0.250           0.030           0.150           0.015          -0.100           0.100           3.000          10.000         100.000           0.050           0.000           4.000
	 TOR TGOV1D        0.05        0.50        0.00        1.00        2.00        6.00        0.00;

SYNC_MACH     SM610       610         0         0     11.75 -0.530584     103.4        94         3         0      2.05        
	 XT      0.15       2.2       0.3       0.2       2.0       0.4       0.2         0         1         0         7      0.05       1.5      0.05
	 EXC ST1A      1.00      0.00      0.00      0.00      1.00    -99.00     99.00      0.00      3.00     10.00      0.00      0.00    100.00      0.05      0.00      4.00    -99.00     99.00      0.00      0.00      1.00      0.00      0.00
	 TOR TGOV1D        0.05        0.50        0.00        1.00        2.00        6.00        0.00;

SYNC_MACH     SM620      620G         0         0     146.0 -85.49306     642.4       584         3         0      2.05        
	 XT      0.15       2.2       0.3       0.2       2.0       0.4       0.2         0         1         0         7      0.05       1.5      0.05
	 EXC exc_ENTSOE           2.000           2.000           1.500           0.250           0.030           0.150           0.015          -0.100           0.100           3.000          10.000         100.000           0.050           0.000           4.000
	 TOR TGOV1D        0.05        0.50        0.00        1.00        2.00        6.00        0.00;

SYNC_MACH     SM742      742G         0         0      39.0  87.26777     343.2       312         3         0      2.05        
	 XT      0.15       2.2       0.3       0.2       2.0       0.4       0.2         0         1         0         7      0.05       1.5      0.05
	 EXC exc_ENTSOE           2.000           2.000           1.500           0.250           0.030           0.150           0.015          -0.100           0.100           3.000          10.000         100.000           0.050           0.000           4.000
	 TOR TGOV1D        0.05        0.50        0.00        1.00        2.00        6.00        0.00;

SYNC_MACH     SM774      774G         0         0    1160.0 -190.6818    1276.0      1160         3         0      2.05        
	 XT      0.15       2.2       0.3       0.2       2.0       0.4       0.2         0         1         0         7      0.05       1.5      0.05
	 EXC exc_ENTSOE           2.000           2.000           1.500           0.250           0.030           0.150           0.015          -0.100           0.100           3.000          10.000         100.000           0.050           0.000           4.000
	 TOR TGOV1D        0.05        0.50        0.00        1.00        2.00        6.00        0.00;

SYNC_MACH     HG199      199G         0         0      0.04 -9.223015     132.0       120         3         0      0.85        
	 XT      0.15       1.0      0.35       0.2       0.7         *      0.32         0         1         0         5      0.03         *      0.05
	 EXC ST1A      1.00      0.00      0.00      0.00      1.00    -99.00     99.00      0.00      3.00     10.00      0.00      0.00    100.00      0.05      0.00      4.00    -99.00     99.00      0.00      0.00      1.00      0.00      0.00
	 TOR Hydro   0.040000   0.361667   0.500000   0.040000   0.200000   0.300000   1.000000   0.000000   1.400000   1.000000   0.000000   0.000000;

SYNC_MACH     HG736      736G         0         0     0.075 -9.506287     332.2       302         3         0      0.85        
	 XT      0.15       1.0      0.35       0.2       0.7         *      0.32         0         1         0         5      0.03         *      0.05
	 EXC exc_ENTSOE           2.000           2.000           1.500           0.250           0.030           0.150           0.015          -0.100           0.100           3.000          10.000         100.000           0.050           0.000           4.000
	 TOR Hydro   0.040000   0.361667   0.500000   0.040000   0.200000   0.300000   1.000000   0.000000   1.400000   1.000000   0.000000   0.000000;

SYNC_MACH     HG738      738G         0         0  0.016667 -5.809398      74.8        68         3         0      0.85        
	 XT      0.15       1.0      0.35       0.2       0.7         *      0.32         0         1         0         5      0.03         *      0.05
	 EXC ST1A      1.00      0.00      0.00      0.00      1.00    -99.00     99.00      0.00      3.00     10.00      0.00      0.00    100.00      0.05      0.00      4.00    -99.00     99.00      0.00      0.00      1.00      0.00      0.00
	 TOR Hydro   0.040000   0.361667   0.500000   0.040000   0.200000   0.300000   1.000000   0.000000   1.400000   1.000000   0.000000   0.000000;

SYNC_MACH   Int_SA1        40         0         0       0.0       0.0       650       650         2         0      2.05        
	 XT      0.15       2.2       0.3       0.2         2       0.4       0.2         0         1         0         7      0.05       1.5      0.05
	 EXC CONSTANT
	 TOR TGOV1D        0.05        0.50        0.00        1.00        1.50        6.00        0.00;

SYNC_MACH  Int_NSW1       681         0         0  76.74971       0.0       900       900         6         0      2.05        
	 XT      0.15       2.2       0.3       0.2         2       0.4       0.2         0         1         0         7      0.05       1.5      0.05
	 EXC CONSTANT
	 TOR TGOV1D        0.05        0.50        0.00        1.00        1.50        6.00        0.00;

SYNC_MACH  Int_NSW2    806NSW         0         0      -0.0 -6.751914       450       450         2         0      2.05        
	 XT      0.15       2.2       0.3       0.2         2       0.4       0.2         0         1         0         7      0.05       1.5      0.05
	 EXC CONSTANT
	 TOR TGOV1D        0.05        0.50        0.00        1.00        1.50        6.00        0.00;

INJEC WT4 PV_213PV 213PV 0 0  11.04838   5.008677 112.000 0 0 0 0.02 0.015 1 0.01 0.1 -0.1 18 5 0.436 -0.436 0 0.2 0.7 0.02 -10 10 0 0 99 -99 0.1 0.05 1 0 0.2 0 0.1 0 4.87 5.3 1 1 5010 0.8 1.2 0.015 1 0 -0.001 0.001 8 1.1 -1.1 0.436 -0.436 1.15 0.85 0 0.1 0 40 0.01 0 1.45 0.2 1.45 0.5 1.45 0.9 1.45 0 1.1 0.2 1.1 0.5 1.1 0.9 1.1 99 -99 1 0 0.02 1.25 0 0 0.15 0 1 1 1 0 999.9 -999.9 0.02 1.2 0.7 -1.2 0.4 0.8 0.9 0.4 1.2 1 10 0.7 45 30 314.159 ;
INJEC WT4 PV_553PV 553PV 0 0  53.18061   0.388603  86.103 0 0 0 0.02 0.015 1 0.01 0.1 -0.1 18 5 0.436 -0.436 0 0.2 0.7 0.02 -10 10 0 0 99 -99 0.1 0.05 1 0 0.2 0 0.1 0 4.87 5.3 1 1 5010 0.8 1.2 0.015 1 0 -0.001 0.001 8 1.1 -1.1 0.436 -0.436 1.15 0.85 0 0.1 0 40 0.01 0 1.45 0.2 1.45 0.5 1.45 0.9 1.45 0 1.1 0.2 1.1 0.5 1.1 0.9 1.1 99 -99 1 0 0.02 1.25 0 0 0.15 0 1 1 1 0 999.9 -999.9 0.02 1.2 0.7 -1.2 0.4 0.8 0.9 0.4 1.2 1 10 0.7 45 30 314.159 ;
INJEC WT4 PV_683PV 683PV 0 0 128.67590 -28.804680 217.000 0 0 0 0.02 0.015 1 0.01 0.1 -0.1 18 5 0.436 -0.436 0 0.2 0.7 0.02 -10 10 0 0 99 -99 0.1 0.05 1 0 0.2 0 0.1 0 4.87 5.3 1 1 5010 0.8 1.2 0.015 1 0 -0.001 0.001 8 1.1 -1.1 0.436 -0.436 1.15 0.85 0 0.1 0 40 0.01 0 1.45 0.2 1.45 0.5 1.45 0.9 1.45 0 1.1 0.2 1.1 0.5 1.1 0.9 1.1 99 -99 1 0 0.02 1.25 0 0 0.15 0 1 1 1 0 999.9 -999.9 0.02 1.2 0.7 -1.2 0.4 0.8 0.9 0.4 1.2 1 10 0.7 45 30 314.159 ;
INJEC WT4 PV_806PV 806PV 0 0 178.23290   1.071534 284.000 0 0 0 0.02 0.015 1 0.01 0.1 -0.1 18 5 0.436 -0.436 0 0.2 0.7 0.02 -10 10 0 0 99 -99 0.1 0.05 1 0 0.2 0 0.1 0 4.87 5.3 1 1 5010 0.8 1.2 0.015 1 0 -0.001 0.001 8 1.1 -1.1 0.436 -0.436 1.15 0.85 0 0.1 0 40 0.01 0 1.45 0.2 1.45 0.5 1.45 0.9 1.45 0 1.1 0.2 1.1 0.5 1.1 0.9 1.1 99 -99 1 0 0.02 1.25 0 0 0.15 0 1 1 1 0 999.9 -999.9 0.02 1.2 0.7 -1.2 0.4 0.8 0.9 0.4 1.2 1 10 0.7 45 30 314.159 ;
INJEC WT4 PV_808PV 808PV 0 0 124.15970 -14.122190 197.500 0 0 0 0.02 0.015 1 0.01 0.1 -0.1 18 5 0.436 -0.436 0 0.2 0.7 0.02 -10 10 0 0 99 -99 0.1 0.05 1 0 0.2 0 0.1 0 4.87 5.3 1 1 5010 0.8 1.2 0.015 1 0 -0.001 0.001 8 1.1 -1.1 0.436 -0.436 1.15 0.85 0 0.1 0 40 0.01 0 1.45 0.2 1.45 0.5 1.45 0.9 1.45 0 1.1 0.2 1.1 0.5 1.1 0.9 1.1 99 -99 1 0 0.02 1.25 0 0 0.15 0 1 1 1 0 999.9 -999.9 0.02 1.2 0.7 -1.2 0.4 0.8 0.9 0.4 1.2 1 10 0.7 45 30 314.159 ;
INJEC WT4 PV_873PV 873PV 0 0 127.49180 -25.330570 199.950 0 0 0 0.02 0.015 1 0.01 0.1 -0.1 18 5 0.436 -0.436 0 0.2 0.7 0.02 -10 10 0 0 99 -99 0.1 0.05 1 0 0.2 0 0.1 0 4.87 5.3 1 1 5010 0.8 1.2 0.015 1 0 -0.001 0.001 8 1.1 -1.1 0.436 -0.436 1.15 0.85 0 0.1 0 40 0.01 0 1.45 0.2 1.45 0.5 1.45 0.9 1.45 0 1.1 0.2 1.1 0.5 1.1 0.9 1.1 99 -99 1 0 0.02 1.25 0 0 0.15 0 1 1 1 0 999.9 -999.9 0.02 1.2 0.7 -1.2 0.4 0.8 0.9 0.4 1.2 1 10 0.7 45 30 314.159 ;

INJEC WT4 WT4_870W 870W 0 0   2.411366    5.940034  57.60 0 0 0 0.02 0.015 1 0.01 0.1 -0.1 18 5 0.436 -0.436 0 0.2 0.7 0.02 -10 10 0 0 99 -99 0.1 0.05 1 0 0.2 0 0.1 0 4.87 5.3 1 1 5010 0.8 1.2 0.015 1 0 -0.001 0.001 8 1.1 -1.1 0.436 -0.436 1.15 0.85 0.1 0.1 0 40 0.01 0 1.45 0.2 1.45 0.5 1.45 0.9 1.45 0 1.1 0.2 1.1 0.5 1.1 0.9 1.1 99 -99 1 0 0.02 1.25 0 0 0.15 0 1 1 1 1 999.9 -999.9 0.02 1.2 0.7 -1.2 0.4 0.8 0.9 0.4 1.2 1 10 0.7 45 30 314.159 ;
INJEC WT4 WT4_143W 143W 0 0   4.781251   -3.115573  83.60 0 0 0 0.02 0.015 1 0.01 0.1 -0.1 18 5 0.436 -0.436 0 0.2 0.7 0.02 -10 10 0 0 99 -99 0.1 0.05 1 0 0.2 0 0.1 0 4.87 5.3 1 1 5010 0.8 1.2 0.015 1 0 -0.001 0.001 8 1.1 -1.1 0.436 -0.436 1.15 0.85 0.1 0.1 0 40 0.01 0 1.45 0.2 1.45 0.5 1.45 0.9 1.45 0 1.1 0.2 1.1 0.5 1.1 0.9 1.1 99 -99 1 0 0.02 1.25 0 0 0.15 0 1 1 1 1 999.9 -999.9 0.02 1.2 0.7 -1.2 0.4 0.8 0.9 0.4 1.2 1 10 0.7 45 30 314.159 ;
INJEC WT4 WT4_302W 302W 0 0  22.309810  -14.344650 293.67 0 0 0 0.02 0.015 1 0.01 0.1 -0.1 18 5 0.436 -0.436 0 0.2 0.7 0.02 -10 10 0 0 99 -99 0.1 0.05 1 0 0.2 0 0.1 0 4.87 5.3 1 1 5010 0.8 1.2 0.015 1 0 -0.001 0.001 8 1.1 -1.1 0.436 -0.436 1.15 0.85 0.1 0.1 0 40 0.01 0 1.45 0.2 1.45 0.5 1.45 0.9 1.45 0 1.1 0.2 1.1 0.5 1.1 0.9 1.1 99 -99 1 0 0.02 1.25 0 0 0.15 0 1 1 1 1 999.9 -999.9 0.02 1.2 0.7 -1.2 0.4 0.8 0.9 0.4 1.2 1 10 0.7 45 30 314.159 ;
INJEC WT4 WT4_303W 303W 0 0  54.498850  -11.455590 502.67 0 0 0 0.02 0.015 1 0.01 0.1 -0.1 18 5 0.436 -0.436 0 0.2 0.7 0.02 -10 10 0 0 99 -99 0.1 0.05 1 0 0.2 0 0.1 0 4.87 5.3 1 1 5010 0.8 1.2 0.015 1 0 -0.001 0.001 8 1.1 -1.1 0.436 -0.436 1.15 0.85 0.1 0.1 0 40 0.01 0 1.45 0.2 1.45 0.5 1.45 0.9 1.45 0 1.1 0.2 1.1 0.5 1.1 0.9 1.1 99 -99 1 0 0.02 1.25 0 0 0.15 0 1 1 1 1 999.9 -999.9 0.02 1.2 0.7 -1.2 0.4 0.8 0.9 0.4 1.2 1 10 0.7 45 30 314.159 ;
INJEC WT4 WT4_304W 304W 0 0  23.806890   -1.844547 131.00 0 0 0 0.02 0.015 1 0.01 0.1 -0.1 18 5 0.436 -0.436 0 0.2 0.7 0.02 -10 10 0 0 99 -99 0.1 0.05 1 0 0.2 0 0.1 0 4.87 5.3 1 1 5010 0.8 1.2 0.015 1 0 -0.001 0.001 8 1.1 -1.1 0.436 -0.436 1.15 0.85 0.1 0.1 0 40 0.01 0 1.45 0.2 1.45 0.5 1.45 0.9 1.45 0 1.1 0.2 1.1 0.5 1.1 0.9 1.1 99 -99 1 0 0.02 1.25 0 0 0.15 0 1 1 1 1 999.9 -999.9 0.02 1.2 0.7 -1.2 0.4 0.8 0.9 0.4 1.2 1 10 0.7 45 30 314.159 ;
INJEC WT4 WT4_364W 364W 0 0  21.927670    0.115014 325.67 0 0 0 0.02 0.015 1 0.01 0.1 -0.1 18 5 0.436 -0.436 0 0.2 0.7 0.02 -10 10 0 0 99 -99 0.1 0.05 1 0 0.2 0 0.1 0 4.87 5.3 1 1 5010 0.8 1.2 0.015 1 0 -0.001 0.001 8 1.1 -1.1 0.436 -0.436 1.15 0.85 0.1 0.1 0 40 0.01 0 1.45 0.2 1.45 0.5 1.45 0.9 1.45 0 1.1 0.2 1.1 0.5 1.1 0.9 1.1 99 -99 1 0 0.02 1.25 0 0 0.15 0 1 1 1 1 999.9 -999.9 0.02 1.2 0.7 -1.2 0.4 0.8 0.9 0.4 1.2 1 10 0.7 45 30 314.159 ;
INJEC WT4  WT4_41W  41W 0 0 104.823300  -65.231000 151.70 0 0 0 0.02 0.015 1 0.01 0.1 -0.1 18 5 0.436 -0.436 0 0.2 0.7 0.02 -10 10 0 0 99 -99 0.1 0.05 1 0 0.2 0 0.1 0 4.87 5.3 1 1 5010 0.8 1.2 0.015 1 0 -0.001 0.001 8 1.1 -1.1 0.436 -0.436 1.15 0.85 0.1 0.1 0 40 0.01 0 1.45 0.2 1.45 0.5 1.45 0.9 1.45 0 1.1 0.2 1.1 0.5 1.1 0.9 1.1 99 -99 1 0 0.02 1.25 0 0 0.15 0 1 1 1 1 999.9 -999.9 0.02 1.2 0.7 -1.2 0.4 0.8 0.9 0.4 1.2 1 10 0.7 45 30 314.159 ;
INJEC WT4 WT4_610W 610W 0 0   5.497372    0.011333 106.00 0 0 0 0.02 0.015 1 0.01 0.1 -0.1 18 5 0.436 -0.436 0 0.2 0.7 0.02 -10 10 0 0 99 -99 0.1 0.05 1 0 0.2 0 0.1 0 4.87 5.3 1 1 5010 0.8 1.2 0.015 1 0 -0.001 0.001 8 1.1 -1.1 0.436 -0.436 1.15 0.85 0.1 0.1 0 40 0.01 0 1.45 0.2 1.45 0.5 1.45 0.9 1.45 0 1.1 0.2 1.1 0.5 1.1 0.9 1.1 99 -99 1 0 0.02 1.25 0 0 0.15 0 1 1 1 1 999.9 -999.9 0.02 1.2 0.7 -1.2 0.4 0.8 0.9 0.4 1.2 1 10 0.7 45 30 314.159 ;
INJEC WT4 WT4_617W 617W 0 0 109.945100  -29.932310 322.00 0 0 0 0.02 0.015 1 0.01 0.1 -0.1 18 5 0.436 -0.436 0 0.2 0.7 0.02 -10 10 0 0 99 -99 0.1 0.05 1 0 0.2 0 0.1 0 4.87 5.3 1 1 5010 0.8 1.2 0.015 1 0 -0.001 0.001 8 1.1 -1.1 0.436 -0.436 1.15 0.85 0.1 0.1 0 40 0.01 0 1.45 0.2 1.45 0.5 1.45 0.9 1.45 0 1.1 0.2 1.1 0.5 1.1 0.9 1.1 99 -99 1 0 0.02 1.25 0 0 0.15 0 1 1 1 1 999.9 -999.9 0.02 1.2 0.7 -1.2 0.4 0.8 0.9 0.4 1.2 1 10 0.7 45 30 314.159 ;
INJEC WT4 WT4_620W 620W 0 0  34.607330 -104.411700 336.00 0 0 0 0.02 0.015 1 0.01 0.1 -0.1 18 5 0.436 -0.436 0 0.2 0.7 0.02 -10 10 0 0 99 -99 0.1 0.05 1 0 0.2 0 0.1 0 4.87 5.3 1 1 5010 0.8 1.2 0.015 1 0 -0.001 0.001 8 1.1 -1.1 0.436 -0.436 1.15 0.85 0.1 0.1 0 40 0.01 0 1.45 0.2 1.45 0.5 1.45 0.9 1.45 0 1.1 0.2 1.1 0.5 1.1 0.9 1.1 99 -99 1 0 0.02 1.25 0 0 0.15 0 1 1 1 1 999.9 -999.9 0.02 1.2 0.7 -1.2 0.4 0.8 0.9 0.4 1.2 1 10 0.7 45 30 314.159 ;
INJEC WT4 WT4_621W 621W 0 0 229.980200 -140.791100 420.00 0 0 0 0.02 0.015 1 0.01 0.1 -0.1 18 5 0.436 -0.436 0 0.2 0.7 0.02 -10 10 0 0 99 -99 0.1 0.05 1 0 0.2 0 0.1 0 4.87 5.3 1 1 5010 0.8 1.2 0.015 1 0 -0.001 0.001 8 1.1 -1.1 0.436 -0.436 1.15 0.85 0.1 0.1 0 40 0.01 0 1.45 0.2 1.45 0.5 1.45 0.9 1.45 0 1.1 0.2 1.1 0.5 1.1 0.9 1.1 99 -99 1 0 0.02 1.25 0 0 0.15 0 1 1 1 1 999.9 -999.9 0.02 1.2 0.7 -1.2 0.4 0.8 0.9 0.4 1.2 1 10 0.7 45 30 314.159 ;
INJEC WT4 WT4_864W 864W 0 0 132.834000    2.392473 138.00 0 0 0 0.02 0.015 1 0.01 0.1 -0.1 18 5 0.436 -0.436 0 0.2 0.7 0.02 -10 10 0 0 99 -99 0.1 0.05 1 0 0.2 0 0.1 0 4.87 5.3 1 1 5010 0.8 1.2 0.015 1 0 -0.001 0.001 8 1.1 -1.1 0.436 -0.436 1.15 0.85 0.1 0.1 0 40 0.01 0 1.45 0.2 1.45 0.5 1.45 0.9 1.45 0 1.1 0.2 1.1 0.5 1.1 0.9 1.1 99 -99 1 0 0.02 1.25 0 0 0.15 0 1 1 1 1 999.9 -999.9 0.02 1.2 0.7 -1.2 0.4 0.8 0.9 0.4 1.2 1 10 0.7 45 30 314.159 ;
INJEC WT4 WT4_865W 865W 0 0  31.625570   -9.528301 312.00 0 0 0 0.02 0.015 1 0.01 0.1 -0.1 18 5 0.436 -0.436 0 0.2 0.7 0.02 -10 10 0 0 99 -99 0.1 0.05 1 0 0.2 0 0.1 0 4.87 5.3 1 1 5010 0.8 1.2 0.015 1 0 -0.001 0.001 8 1.1 -1.1 0.436 -0.436 1.15 0.85 0.1 0.1 0 40 0.01 0 1.45 0.2 1.45 0.5 1.45 0.9 1.45 0 1.1 0.2 1.1 0.5 1.1 0.9 1.1 99 -99 1 0 0.02 1.25 0 0 0.15 0 1 1 1 1 999.9 -999.9 0.02 1.2 0.7 -1.2 0.4 0.8 0.9 0.4 1.2 1 10 0.7 45 30 314.159 ;
INJEC WT4 WT4_866W 866W 0 0  39.607150   -5.841121 157.50 0 0 0 0.02 0.015 1 0.01 0.1 -0.1 18 5 0.436 -0.436 0 0.2 0.7 0.02 -10 10 0 0 99 -99 0.1 0.05 1 0 0.2 0 0.1 0 4.87 5.3 1 1 5010 0.8 1.2 0.015 1 0 -0.001 0.001 8 1.1 -1.1 0.436 -0.436 1.15 0.85 0.1 0.1 0 40 0.01 0 1.45 0.2 1.45 0.5 1.45 0.9 1.45 0 1.1 0.2 1.1 0.5 1.1 0.9 1.1 99 -99 1 0 0.02 1.25 0 0 0.15 0 1 1 1 1 999.9 -999.9 0.02 1.2 0.7 -1.2 0.4 0.8 0.9 0.4 1.2 1 10 0.7 45 30 314.159 ;
INJEC WT4 WT4_867W 867W 0 0  20.075040   -2.825598 531.93 0 0 0 0.02 0.015 1 0.01 0.1 -0.1 18 5 0.436 -0.436 0 0.2 0.7 0.02 -10 10 0 0 99 -99 0.1 0.05 1 0 0.2 0 0.1 0 4.87 5.3 1 1 5010 0.8 1.2 0.015 1 0 -0.001 0.001 8 1.1 -1.1 0.436 -0.436 1.15 0.85 0.1 0.1 0 40 0.01 0 1.45 0.2 1.45 0.5 1.45 0.9 1.45 0 1.1 0.2 1.1 0.5 1.1 0.9 1.1 99 -99 1 0 0.02 1.25 0 0 0.15 0 1 1 1 1 999.9 -999.9 0.02 1.2 0.7 -1.2 0.4 0.8 0.9 0.4 1.2 1 10 0.7 45 30 314.159 ;
INJEC WT4 WT4_868W 868W 0 0  15.832480  -47.458140 180.60 0 0 0 0.02 0.015 1 0.01 0.1 -0.1 18 5 0.436 -0.436 0 0.2 0.7 0.02 -10 10 0 0 99 -99 0.1 0.05 1 0 0.2 0 0.1 0 4.87 5.3 1 1 5010 0.8 1.2 0.015 1 0 -0.001 0.001 8 1.1 -1.1 0.436 -0.436 1.15 0.85 0.1 0.1 0 40 0.01 0 1.45 0.2 1.45 0.5 1.45 0.9 1.45 0 1.1 0.2 1.1 0.5 1.1 0.9 1.1 99 -99 1 0 0.02 1.25 0 0 0.15 0 1 1 1 1 999.9 -999.9 0.02 1.2 0.7 -1.2 0.4 0.8 0.9 0.4 1.2 1 10 0.7 45 30 314.159 ;
INJEC WT4 WT4_869W 869W 0 0  22.517100  -26.696230 283.95 0 0 0 0.02 0.015 1 0.01 0.1 -0.1 18 5 0.436 -0.436 0 0.2 0.7 0.02 -10 10 0 0 99 -99 0.1 0.05 1 0 0.2 0 0.1 0 4.87 5.3 1 1 5010 0.8 1.2 0.015 1 0 -0.001 0.001 8 1.1 -1.1 0.436 -0.436 1.15 0.85 0.1 0.1 0 40 0.01 0 1.45 0.2 1.45 0.5 1.45 0.9 1.45 0 1.1 0.2 1.1 0.5 1.1 0.9 1.1 99 -99 1 0 0.02 1.25 0 0 0.15 0 1 1 1 1 999.9 -999.9 0.02 1.2 0.7 -1.2 0.4 0.8 0.9 0.4 1.2 1 10 0.7 45 30 314.159 ;

